1
2
5
6
7
8
20
44
86
91
158
192
259
260
261
262
263
264
265
266
267
268
269
270
271
272
273
274
275
276
277
278
279
280
281
282
283
284
285
286
287
288
290
292
296
297
298
299
303
305
307
308
309
311
312
313
337
362
383
404
408
411
417
422
423
424
426
432
433
434
438
441
443
445
446
447
448
449
450
451
452
453
454
455
456
457
458
459
460
461
462
463
464
465
466
467
468
469
470
471
473
474
475
476
477
478
529
530
532
535
536
537
539
540
541
542
544
549
551
553
554
556
557
558
559
560
561
562
563
564
567
572
573
574
576
577
579
581
582
583
585
586
591
592
593
597
598
599
602
604
605
608
609
611
614
615
616
617
619
620
621
622
623
624
625
626
