4
8
10
11
12
15
16
18
19
20
21
22
23
24
25
28
29
30
32
33
34
35
54
56
81
86
89
90
92
93
94
95
96
97
99
100
101
102
103
104
105
106
107
108
109
110
111
112
113
115
116
117
118
119
120
121
122
123
124
125
126
127
128
129
130
132
133
134
135
136
138
139
140
142
143
144
145
146
147
148
149
150
151
152
153
154
155
156
157
158
159
160
161
162
163
164
165
166
167
168
169
171
172
173
174
175
176
177
178
179
180
181
182
183
184
185
186
187
188
189
190
191
192
193
195
196
197
198
199
200
201
202
203
204
205
206
207
208
209
210
211
212
213
214
215
217
218
219
222
223
226
227
228
230
233
234
235
236
237
241
242
243
244
245
247
248
249
252
253
254
257
258
277
279
281
282
285
287
300
301
304
311
320
328
331
334
335
336
338
339
341
342
343
344
345
346
347
348
349
350
351
352
353
354
355
356
357
358
359
360
363
364
365
366
367
368
369
370
371
372
373
375
376
377
379
382
383
385
387
388
390
399
407
408
429
430
437
439
446
448
449
451
453
454
456
457
459
465
466
468
469
470
471
472
473
474
476
510
512
514
517
519
520
534
535
536
540
542
543
546
547
549
550
554
556
559
562
564
565
567
573
574
575
580
584
585
588
589
590
592
593
594
595
597
598
602
604
607
609
612
613
614
616
618
622
